0 0 0.000000
0 1 0.576616
0 2 1.463351
0 3 1.225074
0 4 0.617236
0 5 0.870461
0 6 1.794394
0 7 1.337334
0 8 1.116763
0 9 0.805088
1 0 0.576616
1 1 0.000000
1 2 1.057948
1 3 1.263391
1 4 1.131630
1 5 0.670552
1 6 1.721796
1 7 1.590443
1 8 0.578472
1 9 0.413375
2 0 1.463351
2 1 1.057948
2 2 0.000000
2 3 1.025278
2 4 1.739711
2 5 0.651469
2 6 1.077466
2 7 1.584717
2 8 0.594617
2 9 0.672705
3 0 1.225074
3 1 1.263391
3 2 1.025278
3 3 0.000000
3 4 1.087675
3 5 0.641286
3 6 0.596153
3 7 0.565853
3 8 1.270357
3 9 0.953369
4 0 0.617236
4 1 1.131630
4 2 1.739711
4 3 1.087675
4 4 0.000000
4 5 1.088560
4 6 1.678849
4 7 0.926790
4 8 1.573779
4 9 1.194126
5 0 0.870461
5 1 0.670552
5 2 0.651469
5 3 0.641286
5 4 1.088560
5 5 0.000000
5 6 1.051273
5 7 1.100524
5 8 0.650044
5 9 0.312913
6 0 1.794394
6 1 1.721796
6 2 1.077466
6 3 0.596153
6 4 1.678849
6 5 1.051273
6 6 0.000000
6 7 0.965445
6 8 1.543806
6 9 1.340545
7 0 1.337334
7 1 1.590443
7 2 1.584717
7 3 0.565853
7 4 0.926790
7 5 1.100524
7 6 0.965445
7 7 0.000000
7 8 1.750316
7 9 1.385058
8 0 1.116763
8 1 0.578472
8 2 0.594617
8 3 1.270357
8 4 1.573779
8 5 0.650044
8 6 1.543806
8 7 1.750316
8 8 0.000000
8 9 0.392589
9 0 0.805088
9 1 0.413375
9 2 0.672705
9 3 0.953369
9 4 1.194126
9 5 0.312913
9 6 1.340545
9 7 1.385058
9 8 0.392589
9 9 0.000000
