0 0 0.000000
0 1 0.527746
0 2 1.018083
0 3 1.436253
0 4 1.752614
0 5 1.944740
0 6 1.999013
0 7 1.911586
0 8 1.688656
0 9 1.346025
0 10 0.907981
1 0 0.527746
1 1 0.000000
1 2 0.527746
1 3 1.018083
1 4 1.436253
1 5 1.752614
1 6 1.944740
1 7 1.999013
1 8 1.911585
1 9 1.688656
1 10 1.346025
2 0 1.018083
2 1 0.527746
2 2 0.000000
2 3 0.527747
2 4 1.018083
2 5 1.436254
2 6 1.752614
2 7 1.944740
2 8 1.999013
2 9 1.911587
2 10 1.688656
3 0 1.436253
3 1 1.018083
3 2 0.527747
3 3 0.000000
3 4 0.527746
3 5 1.018084
3 6 1.436253
3 7 1.752613
3 8 1.944740
3 9 1.999014
3 10 1.911586
4 0 1.752614
4 1 1.436253
4 2 1.018083
4 3 0.527746
4 4 0.000000
4 5 0.527747
4 6 1.018083
4 7 1.436252
4 8 1.752613
4 9 1.944740
4 10 1.999013
5 0 1.944740
5 1 1.752614
5 2 1.436254
5 3 1.018084
5 4 0.527747
5 5 0.000000
5 6 0.527746
5 7 1.018082
5 8 1.436252
5 9 1.752613
5 10 1.944740
6 0 1.999013
6 1 1.944740
6 2 1.752614
6 3 1.436253
6 4 1.018083
6 5 0.527746
6 6 0.000000
6 7 0.527745
6 8 1.018083
6 9 1.436252
6 10 1.752613
7 0 1.911586
7 1 1.999013
7 2 1.944740
7 3 1.752613
7 4 1.436252
7 5 1.018082
7 6 0.527745
7 7 0.000000
7 8 0.527747
7 9 1.018083
7 10 1.436253
8 0 1.688656
8 1 1.911585
8 2 1.999013
8 3 1.944740
8 4 1.752613
8 5 1.436252
8 6 1.018083
8 7 0.527747
8 8 0.000000
8 9 0.527746
8 10 1.018082
9 0 1.346025
9 1 1.688656
9 2 1.911587
9 3 1.999014
9 4 1.944740
9 5 1.752613
9 6 1.436252
9 7 1.018083
9 8 0.527746
9 9 0.000000
9 10 0.527746
10 0 0.907981
10 1 1.346025
10 2 1.688656
10 3 1.911586
10 4 1.999013
10 5 1.944740
10 6 1.752613
10 7 1.436253
10 8 1.018082
10 9 0.527746
10 10 0.000000
