0 0 0.000000
0 1 1.700236
0 2 0.862678
0 3 0.917800
0 4 1.382352
0 5 0.856817
0 6 1.795666
0 7 0.692631
0 8 1.248078
0 9 0.805088
1 0 1.700236
1 1 0.000000
1 2 1.388572
1 3 1.108823
1 4 0.545842
1 5 1.652654
1 6 0.100161
1 7 1.191854
1 8 1.403312
1 9 1.224294
2 0 0.862678
2 1 1.388572
2 2 0.000000
2 3 1.271348
2 4 0.877475
2 5 0.264889
2 6 1.486633
2 7 0.321228
2 8 0.385411
2 9 0.191666
3 0 0.917800
3 1 1.108823
3 2 1.271348
3 3 0.000000
3 4 1.112119
3 5 1.443342
3 6 1.178439
3 7 0.950449
3 8 1.560963
3 9 1.093374
4 0 1.382352
4 1 0.545842
4 2 0.877475
4 3 1.112119
4 4 0.000000
4 5 1.141565
4 6 0.635802
4 7 0.751031
4 8 0.857481
4 9 0.738103
5 0 0.856817
5 1 1.652654
5 2 0.264889
5 3 1.443342
5 4 1.141565
5 5 0.000000
5 6 1.750956
5 7 0.528107
5 8 0.506362
5 9 0.437372
6 0 1.795666
6 1 0.100161
6 2 1.486633
6 3 1.178439
6 4 0.635802
6 5 1.750956
6 6 0.000000
6 7 1.292005
6 8 1.492472
6 9 1.323592
7 0 0.692631
7 1 1.191854
7 2 0.321228
7 3 0.950449
7 4 0.751031
7 5 0.528107
7 6 1.292005
7 7 0.000000
7 8 0.643643
7 9 0.150784
8 0 1.248078
8 1 1.403312
8 2 0.385411
8 3 1.560963
8 4 0.857481
8 5 0.506362
8 6 1.492472
8 7 0.643643
8 8 0.000000
8 9 0.493309
9 0 0.805088
9 1 1.224294
9 2 0.191666
9 3 1.093374
9 4 0.738103
9 5 0.437372
9 6 1.323592
9 7 0.150784
9 8 0.493309
9 9 0.000000
